Will read geometry from h2o.xyz
	Nuclear repulsion energy = 8.00237

	Overlap Integrals:
           1     0.236704            0  8.60875e-18            0    0.0384056    0.0384056
    0.236704            1            0 -2.46745e-17            0     0.386139     0.386139
           0            0            1            0            0     0.268438    -0.268438
 8.60875e-18 -2.46745e-17            0            1            0     0.209728     0.209728
           0            0            0            0            1            0            0
   0.0384056     0.386139     0.268438     0.209728            0            1     0.181761
   0.0384056     0.386139    -0.268438     0.209728            0     0.181761            1

	Kinetic-Energy Integrals:
    29.0032   -0.168011           0 5.61892e-17           0 -0.00841639 -0.00841639
  -0.168011    0.808128           0 -2.2648e-17           0   0.0705173   0.0705173
          0           0     2.52873           0           0    0.147091   -0.147091
5.61892e-17 -2.2648e-17           0     2.52873           0     0.11492     0.11492
          0           0           0           0     2.52873           0           0
-0.00841639   0.0705173    0.147091     0.11492           0    0.760032 -0.00397974
-0.00841639   0.0705173   -0.147091     0.11492           0 -0.00397974    0.760032

	Nuclear Attraction Integrals:
  -61.5806   -7.41082          0 -0.0144739          0   -1.23169   -1.23169
  -7.41082   -10.0091          0  -0.176891          0   -2.97723   -2.97723
         0          0   -9.98755          0          0   -1.82224    1.82224
-0.0144739  -0.176891          0   -9.94404          0   -1.47179   -1.47179
         0          0          0          0   -9.87588          0          0
  -1.23169   -2.97723   -1.82224   -1.47179          0    -5.3002   -1.06717
  -1.23169   -2.97723    1.82224   -1.47179          0   -1.06717    -5.3002

	Core Hamiltonian:
  -32.5774   -7.57883          0 -0.0144739          0    -1.2401    -1.2401
  -7.57883   -9.20094          0  -0.176891          0   -2.90671   -2.90671
         0          0   -7.45882          0          0   -1.67515    1.67515
-0.0144739  -0.176891          0   -7.41531          0   -1.35687   -1.35687
         0          0          0          0   -7.34714          0          0
   -1.2401   -2.90671   -1.67515   -1.35687          0   -4.54017   -1.07115
   -1.2401   -2.90671    1.67515   -1.35687          0   -1.07115   -4.54017

	Initial Density Matrix:
       1        0        0        0        0        0        0
       0        1        0        0        0        0        0
       0        0 0.666667        0        0        0        0
       0        0        0 0.666667        0        0        0
       0        0        0        0 0.666667        0        0
       0        0        0        0        0      0.5        0
       0        0        0        0        0        0      0.5

	Fock Matrix:
   -20.3392    -5.41944           0 -0.00764291           0   -0.933534   -0.933534
   -5.41944    -2.57016           0   -0.100462           0   -0.867236   -0.867236
          0           0   -0.316153           0           0   -0.297786    0.297786
-0.00764291   -0.100462           0   -0.274703           0   -0.264539   -0.264539
          0           0           0           0   -0.209757           0           0
  -0.933534   -0.867236   -0.297786   -0.264539           0   -0.392039   -0.302007
  -0.933534   -0.867236    0.297786   -0.264539           0   -0.302007   -0.392039


 Iter        E(elec)              E(tot)               Delta(E)             RMS(D)         Time(s)
 01     -83.341650626161     -75.339283651995     -83.341650626161       1.010703841557    0.01813
 02     -82.248999864924     -74.246632890758       1.092650761237       0.274107366099    0.00916
 03     -83.060044606262     -75.057677632095      -0.811044741338       0.039744694393    0.00629
 04     -82.924188698629     -74.921821724463       0.135855907633       0.009811393407    0.00532
 05     -82.947936871371     -74.945569897205      -0.023748172743       0.001579680891    0.00457
 06     -82.943810414067     -74.941443439901       0.004126457304       0.000529129455    0.00444
 07     -82.944543309025     -74.942176334859      -0.000732894958       0.000147575835    0.00425
 08     -82.944422395185     -74.942055421019       0.000120913839       0.000064499215    0.00423
 09     -82.944447429194     -74.942080455028      -0.000025034009       0.000027872594    0.00425
 10     -82.944445039377     -74.942078065211       0.000002389817       0.000013135786    0.00421
 11     -82.944446443285     -74.942079469118      -0.000001403908       0.000006213447    0.00410
 12     -82.944446680416     -74.942079706250      -0.000000237131       0.000002978982    0.00409
 13     -82.944446873515     -74.942079899349      -0.000000193099       0.000001431158    0.00404
 14     -82.944446953354     -74.942079979188      -0.000000079839       0.000000689317    0.00397
 15     -82.944446994314     -74.942080020148      -0.000000040960       0.000000332247    0.00388
 16     -82.944447013678     -74.942080039512      -0.000000019364       0.000000160233    0.00407
 17     -82.944447023098     -74.942080048931      -0.000000009420       0.000000077292    0.00389
 18     -82.944447027631     -74.942080053465      -0.000000004533       0.000000037289    0.00385
 19     -82.944447029821     -74.942080055654      -0.000000002190       0.000000017991    0.00393
 20     -82.944447030877     -74.942080056711      -0.000000001056       0.000000008680    0.00395
 21     -82.944447031387     -74.942080057220      -0.000000000510       0.000000004188    0.00410
 22     -82.944447031633     -74.942080057466      -0.000000000246       0.000000002021    0.00392
 23     -82.944447031751     -74.942080057585      -0.000000000119       0.000000000975    0.00389
 24     -82.944447031809     -74.942080057642      -0.000000000057       0.000000000470    0.00387
 25     -82.944447031836     -74.942080057670      -0.000000000028       0.000000000227    0.00408
 26     -82.944447031849     -74.942080057683      -0.000000000013       0.000000000110    0.00389
 27     -82.944447031856     -74.942080057690      -0.000000000006       0.000000000053    0.00389
 28     -82.944447031859     -74.942080057693      -0.000000000003       0.000000000026    0.00386
 29     -82.944447031861     -74.942080057694      -0.000000000002       0.000000000012    0.00391
 30     -82.944447031861     -74.942080057695      -0.000000000001       0.000000000006    0.00386
 31     -82.944447031862     -74.942080057695      -0.000000000000       0.000000000003    0.00386
 32     -82.944447031862     -74.942080057696      -0.000000000000       0.000000000001    0.00387
 33     -82.944447031862     -74.942080057696      -0.000000000000       0.000000000001    0.00394
** Hartree-Fock energy =     -74.942080057696
